[[74.]
 [22.]
 [58.]
 [42.]
 [55.]
 [22.]
 [ 1.]
 [18.]]
964
2153
254
2566
70
131
218
2084
[[3.5]
 [3. ]
 [2. ]
 [2.5]
 [2. ]
 [4. ]
 [3. ]
 [4. ]]
1133
2186
1587
270
193
1010
148
249
[[3.  3.  3.5 5.  4.5]
 [4.  3.  5.  3.  4. ]
 [3.5 3.  2.5 4.  3.5]
 [4.5 3.  3.  0.5 3.5]
 [4.5 3.5 4.5 5.  5. ]
 [3.  3.  3.  4.  4. ]
 [5.  3.5 4.5 1.  4.5]
 [3.  2.  3.  3.  2. ]]
2732
1731
2362
2893
2046
755
2723
3125
[[3.5 5.  3.5 2.  4.5]
 [2.5 2.  4.  5.  3.5]
 [2.  3.5 1.  3.  3.5]
 [3.5 3.5 4.5 3.  3.5]
 [4.5 3.5 3.  1.  2. ]
 [3.5 4.  4.  3.  4. ]
 [5.  3.  5.  2.  4.5]
 [2.  1.5 2.5 3.5 3. ]]
